0 9.995130929877696e+03 1.045735262803911e+03
1e-08 9.947720992480772e+03 1.397867911657717e+03
2e-08 9.902519552260655e+03 1.667545133023963e+03
3e-08 9.859368333927499e+03 1.900018558209998e+03
4e-08 9.818124415059632e+03 2.109076315378032e+03
5e-08 9.778658121559160e+03 2.301024416654608e+03
6e-08 9.740851226488427e+03 2.479346267837665e+03
7e-08 9.704595459063448e+03 2.646200539084827e+03
8e-08 9.669791303019327e+03 2.803041942993722e+03
9e-08 9.636347028469476e+03 2.950922493835890e+03
1e-07 9.604177935068099e+03 3.090655412124926e+03
1.1e-07 9.573205709387661e+03 3.222898953657653e+03
1.2e-07 9.543357901920413e+03 3.348215156885615e+03
1.3e-07 9.514567466668566e+03 3.467100892596035e+03
1.4e-07 9.486772360540257e+03 3.579991550072977e+03
1.5e-07 9.459915145933388e+03 3.687312340636532e+03
1.6e-07 9.433942668063313e+03 3.789438225239287e+03
1.7e-07 9.408805696754369e+03 3.886687735885957e+03
1.8e-07 9.384458588165055e+03 3.979461317910716e+03
1.9e-07 9.360859144851378e+03 4.067975150165485e+03
2e-07 9.337968131943991e+03 4.152543459236134e+03
2.1e-07 9.315749135645103e+03 4.233441238066902e+03
2.2e-07 9.294168357206867e+03 4.310875085310446e+03
2.3e-07 9.273194381068673e+03 4.385085318945154e+03
2.4e-07 9.252797936841662e+03 4.456290319745171e+03
2.5e-07 9.232951730793198e+03 4.524691479375547e+03
2.6e-07 9.213630382282077e+03 4.590402944758414e+03
2.7e-07 9.194810058685613e+03 4.653622215683473e+03
2.8e-07 9.176468522444839e+03 4.714490601739024e+03
2.9e-07 9.158584774175646e+03 4.773178533651277e+03
3e-07 9.141139605227247e+03 4.829735945230855e+03
3.1e-07 9.124114544748816e+03 4.884351772124776e+03
3.2e-07 9.107492395186979e+03 4.937126259484877e+03
3.3e-07 9.091256901968709e+03 4.988087493758118e+03
3.4e-07 9.075392802205755e+03 5.037506946774068e+03
3.5e-07 9.059885702080253e+03 5.085298266098434e+03
3.6e-07 9.044722305386089e+03 5.131607590615364e+03
3.7e-07 9.029889614593953e+03 5.176489218831314e+03
3.8e-07 9.015375484184662e+03 5.220037564945997e+03
3.9e-07 9.001168420153608e+03 5.262324433286399e+03
4e-07 8.987257521403542e+03 5.303402758955231e+03
4.1e-07 8.973632520773146e+03 5.343245698796009e+03
4.2e-07 8.960283628242240e+03 5.382009300872855e+03
4.3e-07 8.947201497954729e+03 5.419751818044395e+03
4.4e-07 8.934377231279293e+03 5.456482061495323e+03
4.5e-07 8.921802502967199e+03 5.492183549931848e+03
4.6e-07 8.909469255619435e+03 5.527008590978173e+03
4.7e-07 8.897369728259808e+03 5.560959960879450e+03
4.8e-07 8.885496797612754e+03 5.594001390421072e+03
4.9e-07 8.873843382503836e+03 5.626320394373514e+03
5e-07 8.862402832586991e+03 5.657751935156542e+03
5.1e-07 8.851168870235202e+03 5.688502181169895e+03
5.2e-07 8.840135251403206e+03 5.718497497708250e+03
5.3e-07 8.829296344770799e+03 5.747804948366765e+03
5.4e-07 8.818646351730173e+03 5.776454851527478e+03
5.5e-07 8.808180142164007e+03 5.804434767357494e+03
5.6e-07 8.797892359370720e+03 5.831822431712329e+03
5.7e-07 8.787778305264763e+03 5.858580456056794e+03
5.8e-07 8.777833020252170e+03 5.884782211131663e+03
5.9e-07 8.768052196283765e+03 5.910415329876426e+03
6e-07 8.758431232117797e+03 5.935501352922927e+03
6.1e-07 8.748966145081322e+03 5.960079231794720e+03
6.2e-07 8.739652567081872e+03 5.984054446108337e+03
6.3e-07 8.730486696983759e+03 6.007646163897753e+03
6.4e-07 8.721465107693022e+03 6.030863048262188e+03
6.5e-07 8.712584155004673e+03 6.053431426340582e+03
6.6e-07 8.703839945963919e+03 6.075594404605968e+03
6.7e-07 8.695229383810460e+03 6.097415217503863e+03
6.8e-07 8.686749490452250e+03 6.118872259836837e+03
6.9e-07 8.678396864251037e+03 6.139721684511061e+03
7e-07 8.670168297946109e+03 6.160258037218602e+03
7.1e-07 8.662061111378956e+03 6.180487879029723e+03
7.2e-07 8.654072703089436e+03 6.200400463149760e+03
7.3e-07 8.646200112091656e+03 6.219752052157538e+03
7.4e-07 8.638440489209854e+03 6.238822398301662e+03
7.5e-07 8.630791484551393e+03 6.257617168289036e+03
7.6e-07 8.623250814599274e+03 6.276141872241607e+03
7.7e-07 8.615816115545238e+03 6.294240321446496e+03
7.8e-07 8.608484749389210e+03 6.312016149355386e+03
7.9e-07 8.601254602894322e+03 6.329542664803440e+03
8e-07 8.594123653341672e+03 6.346786786954031e+03
8.1e-07 8.587089603483088e+03 6.363647156485154e+03
8.2e-07 8.580150370021753e+03 6.380276289744512e+03
8.3e-07 8.573304112404590e+03 6.396678524946612e+03
8.4e-07 8.566548992774142e+03 6.412774893493610e+03
8.5e-07 8.559882905839891e+03 6.428567363384369e+03
8.6e-07 8.553304090498614e+03 6.444148939336806e+03
8.7e-07 8.546810907462690e+03 6.459523448587494e+03
8.8e-07 8.540401708694970e+03 6.474611061868344e+03
8.9e-07 8.534074605543601e+03 6.489425759846089e+03
9e-07 8.527828032431009e+03 6.504047618351292e+03
9.1e-07 8.521660523658169e+03 6.518480026585446e+03
9.2e-07 8.515570634367852e+03 6.532671152598268e+03
9.3e-07 8.509556620405865e+03 6.546551936913636e+03
9.4e-07 8.503616991640456e+03 6.560256706821745e+03
9.5e-07 8.497750436493541e+03 6.573788457461542e+03
9.6e-07 8.491955674599953e+03 6.587150114832680e+03
9.7e-07 8.486231455859530e+03 6.600344537834852e+03
9.8e-07 8.480576559524172e+03 6.613374520214011e+03
9.9e-07 8.474989760947146e+03 6.626163433593985e+03
1e-06 8.469469508806453e+03 6.638677395566288e+03
1.01e-06 8.464014568599547e+03 6.651038780010030e+03
1.02e-06 8.458623844786831e+03 6.663250055793343e+03
1.03e-06 8.453296266257146e+03 6.675313637654434e+03
1.04e-06 8.448030786407870e+03 6.687231888092193e+03
1.05e-06 8.442826381988676e+03 6.699007118438225e+03
1.06e-06 8.437682052414430e+03 6.710641590461945e+03
1.07e-06 8.432596710953754e+03 6.722009138896963e+03
1.08e-06 8.427569076057242e+03 6.733196739905668e+03
1.09e-06 8.422598202045992e+03 6.744253343739580e+03
1.1e-06 8.417683186259035e+03 6.755180960598410e+03
1.11e-06 8.412823145297909e+03 6.765981559200830e+03
1.12e-06 8.408017214501968e+03 6.776657067885190e+03
1.13e-06 8.403264547441329e+03 6.787209375661647e+03
1.14e-06 8.398564315426232e+03 6.797640333237503e+03
1.15e-06 8.393915704655257e+03 6.807927070663352e+03
1.16e-06 8.389317684589163e+03 6.817967733458215e+03
1.17e-06 8.384769328914337e+03 6.827895167034270e+03
1.18e-06 8.380269886496133e+03 6.837711024488830e+03
1.19e-06 8.375818621392667e+03 6.847416926624403e+03
1.2e-06 8.371414812462786e+03 6.857014462759362e+03
1.21e-06 8.367057752986140e+03 6.866505191514240e+03
1.22e-06 8.362746750295406e+03 6.875890641570306e+03
1.23e-06 8.358481125419679e+03 6.885172312395485e+03
1.24e-06 8.354260212738929e+03 6.894351674973721e+03
1.25e-06 8.350083326083950e+03 6.903363117645318e+03
1.26e-06 8.345949575528710e+03 6.912209387858455e+03
1.27e-06 8.341858291265908e+03 6.920959921915363e+03
1.28e-06 8.337808866752999e+03 6.929616040901919e+03
1.29e-06 8.333800706586495e+03 6.938179041803006e+03
1.3e-06 8.329833226926701e+03 6.946650197850694e+03
1.31e-06 8.325905855037565e+03 6.955030759132350e+03
1.32e-06 8.322018028899809e+03 6.963321953241460e+03
1.33e-06 8.318169196955192e+03 6.971524985660159e+03
1.34e-06 8.314358817858138e+03 6.979641040331428e+03
1.35e-06 8.310586360234704e+03 6.987671280149715e+03
1.36e-06 8.306851271668413e+03 6.995556769537165e+03
1.37e-06 8.303152829546154e+03 7.003303976564399e+03
1.38e-06 8.299490497745923e+03 7.010970664099757e+03
1.39e-06 8.295863789657495e+03 7.018557882033914e+03
1.4e-06 8.292272227353307e+03 7.026066662190232e+03
1.41e-06 8.288715341391086e+03 7.033498018744762e+03
1.42e-06 8.285192670621713e+03 7.040852948542597e+03
1.43e-06 8.281703762002571e+03 7.048132431515161e+03
1.44e-06 8.278248170415969e+03 7.055337431180957e+03
1.45e-06 8.274825458492514e+03 7.062468894762359e+03
1.46e-06 8.271435196439204e+03 7.069527753676218e+03
1.47e-06 8.268076961872253e+03 7.076514923853547e+03
1.48e-06 8.264750339654409e+03 7.083431306061212e+03
1.49e-06 8.261454837223891e+03 7.090188754124084e+03
1.5e-06 8.258189908331484e+03 7.096868667862453e+03
1.51e-06 8.254955161935017e+03 7.103481979890582e+03
1.52e-06 8.251750215921480e+03 7.110029507771059e+03
1.53e-06 8.248574694540339e+03 7.116512055823448e+03
1.54e-06 8.245428228268602e+03 7.122930415687747e+03
1.55e-06 8.242310453679494e+03 7.129285366293871e+03
1.56e-06 8.239221013314323e+03 7.135577674264055e+03
1.57e-06 8.236159555557799e+03 7.141808094135366e+03
1.58e-06 8.233125734516538e+03 7.147977368601413e+03
1.59e-06 8.230119209900469e+03 7.154086228751259e+03
1.6e-06 8.227139646907379e+03 7.160135394294361e+03
1.61e-06 8.224186716110336e+03 7.166125573794346e+03
1.62e-06 8.221260093347897e+03 7.172057464889830e+03
1.63e-06 8.218359457483448e+03 7.177914556751612e+03
1.64e-06 8.215484373038131e+03 7.183648860207511e+03
1.65e-06 8.212634465806772e+03 7.189328188955315e+03
1.66e-06 8.209809435862402e+03 7.194953179182044e+03
1.67e-06 8.207008988110980e+03 7.200524457540285e+03
1.68e-06 8.204232832024652e+03 7.206042641331142e+03
1.69e-06 8.201480681551926e+03 7.211508338682466e+03
1.7e-06 8.198752255030091e+03 7.216922148750639e+03
1.71e-06 8.196047275099574e+03 7.222284661751362e+03
1.72e-06 8.193365468620441e+03 7.227596459404226e+03
1.73e-06 8.190706566590819e+03 7.232858114816355e+03
1.74e-06 8.188070304067410e+03 7.238070192780022e+03
1.75e-06 8.185456420087527e+03 7.243233249899819e+03
1.76e-06 8.182864657593345e+03 7.248347834743917e+03
1.77e-06 8.180294763357592e+03 7.253414487986923e+03
1.78e-06 8.177746487911140e+03 7.258433742560949e+03
1.79e-06 8.175219585472232e+03 7.263406123797055e+03
1.8e-06 8.172713813877317e+03 7.268332149560226e+03
1.81e-06 8.170228894169168e+03 7.273160552522947e+03
1.82e-06 8.167764491896282e+03 7.277931135788347e+03
1.83e-06 8.165320373884339e+03 7.282657827071317e+03
1.84e-06 8.162896314876682e+03 7.287341101874427e+03
1.85e-06 8.160492092848151e+03 7.291981429098288e+03
1.86e-06 8.158107488946396e+03 7.296579271251506e+03
1.87e-06 8.155742287434216e+03 7.301135084376144e+03
1.88e-06 8.153396275633626e+03 7.305649318361434e+03
1.89e-06 8.151069243870591e+03 7.310122416884235e+03
1.9e-06 8.148760985421545e+03 7.314554817712695e+03
1.91e-06 8.146471296460586e+03 7.318946952511408e+03
1.92e-06 8.144199976008200e+03 7.323299247318220e+03
1.93e-06 8.141946825880858e+03 7.327612122328192e+03
1.94e-06 8.139711650641752e+03 7.331885992141728e+03
1.95e-06 8.137494257552670e+03 7.336121265828240e+03
1.96e-06 8.135294456526793e+03 7.340318347020757e+03
1.97e-06 8.133112060082573e+03 7.344477634010071e+03
1.98e-06 8.130946883298590e+03 7.348599519831548e+03
1.99e-06 8.128798741473941e+03 7.352671513692671e+03
2e-06 8.126667382023114e+03 7.356669472784019e+03
2.01e-06 8.124552594447629e+03 7.360631897829412e+03
2.02e-06 8.122454205871596e+03 7.364559151857192e+03
2.03e-06 8.120372045724376e+03 7.368451593219053e+03
2.04e-06 8.118305945701612e+03 7.372309575666317e+03
2.05e-06 8.116255739727281e+03 7.376133448415858e+03
2.06e-06 8.114221263916411e+03 7.379923556296175e+03
2.07e-06 8.112202356538515e+03 7.383680239616843e+03
2.08e-06 8.110198857981851e+03 7.387403834480785e+03
2.09e-06 8.108210610718415e+03 7.391094672747865e+03
2.1e-06 8.106237459269677e+03 7.394753082102660e+03
2.11e-06 8.104279250172881e+03 7.398379386074154e+03
2.12e-06 8.102335831947968e+03 7.401973904199795e+03
2.13e-06 8.100407055065485e+03 7.405536952012527e+03
2.14e-06 8.098492771914798e+03 7.409068841136105e+03
2.15e-06 8.096592836773048e+03 7.412569879339627e+03
2.16e-06 8.094707105774790e+03 7.416040370597676e+03
2.17e-06 8.092835436882093e+03 7.419480615147714e+03
2.18e-06 8.090977689766267e+03 7.422890909549561e+03
2.19e-06 8.089133725749422e+03 7.426271546742402e+03
2.2e-06 8.087303408097721e+03 7.429622816098626e+03
2.21e-06 8.085486601799746e+03 7.432945003480009e+03
2.22e-06 8.083683155981894e+03 7.436210386103738e+03
2.23e-06 8.081892876944898e+03 7.439435191118976e+03
2.24e-06 8.080115630827633e+03 7.442632303636058e+03
2.25e-06 8.078351290844733e+03 7.445801988875849e+03
2.26e-06 8.076599731765677e+03 7.448944508911007e+03
2.27e-06 8.074860829890859e+03 7.452060122712969e+03
2.28e-06 8.073134463028062e+03 7.455149086198050e+03
2.29e-06 8.071420510469370e+03 7.458211652241775e+03
2.3e-06 8.069718852968495e+03 7.461248070886096e+03
2.31e-06 8.068029372718710e+03 7.464258589054669e+03
2.32e-06 8.066351953330760e+03 7.467243450897760e+03
2.33e-06 8.064686479811659e+03 7.470202897727939e+03
2.34e-06 8.063032838543653e+03 7.473137168061511e+03
2.35e-06 8.061390917263564e+03 7.476046497659172e+03
2.36e-06 8.059760605042588e+03 7.478931119565934e+03
2.37e-06 8.058141792266336e+03 7.481791264094282e+03
2.38e-06 8.056534370615308e+03 7.484627159021498e+03
2.39e-06 8.054938233045874e+03 7.487439029454821e+03
2.4e-06 8.053353273771330e+03 7.490227097957089e+03
2.41e-06 8.051779388243425e+03 7.492991584565157e+03
2.42e-06 8.050216473134271e+03 7.495732706825708e+03
2.43e-06 8.048664426318480e+03 7.498450679830482e+03
2.44e-06 8.047123146855665e+03 7.501145716250879e+03
2.45e-06 8.045592534973233e+03 7.503818026369684e+03
2.46e-06 8.044072492049553e+03 7.506467818119645e+03
2.47e-06 8.042562920597295e+03 7.509095297112767e+03
2.48e-06 8.041063724247138e+03 7.511700666673034e+03
2.49e-06 8.039574807731853e+03 7.514284127868335e+03
2.5e-06 8.038096075958493e+03 7.516838977961870e+03
2.51e-06 8.036627394916622e+03 7.519348266689525e+03
2.52e-06 8.035168651618317e+03 7.521836649123588e+03
2.53e-06 8.033719756209750e+03 7.524304312619240e+03
2.54e-06 8.032280619844229e+03 7.526751442493479e+03
2.55e-06 8.030851154668148e+03 7.529178222052716e+03
2.56e-06 8.029431273807113e+03 7.531584832619901e+03
2.57e-06 8.028020891352379e+03 7.533971453561205e+03
2.58e-06 8.026619922347448e+03 7.536338262312268e+03
2.59e-06 8.025228282774932e+03 7.538685434404001e+03
2.6e-06 8.023845889543627e+03 7.541013143487981e+03
2.61e-06 8.022472660475807e+03 7.543321561354709e+03
2.62e-06 8.021108514294804e+03 7.545610858000609e+03
2.63e-06 8.019753370612591e+03 7.547881201554806e+03
2.64e-06 8.018407149917760e+03 7.550132758400927e+03
2.65e-06 8.017069773563619e+03 7.552365693163877e+03
2.66e-06 8.015741163756568e+03 7.554580168732884e+03
2.67e-06 8.014421243544585e+03 7.556776346284166e+03
2.68e-06 8.013109936805862e+03 7.558954385303229e+03
2.69e-06 8.011807168237819e+03 7.561114443606814e+03
2.7e-06 8.010512863346014e+03 7.563256677329688e+03
2.71e-06 8.009226948433395e+03 7.565381241051992e+03
2.72e-06 8.007949350589895e+03 7.567488287696609e+03
2.73e-06 8.006679997681845e+03 7.569577968616069e+03
2.74e-06 8.005418818341763e+03 7.571650433598924e+03
2.75e-06 8.004165741958335e+03 7.573705830889697e+03
2.76e-06 8.002920698666442e+03 7.575744307208493e+03
2.77e-06 8.001683619337407e+03 7.577766007770347e+03
2.78e-06 8.000454435569395e+03 7.579771076304230e+03
2.79e-06 7.999233079677989e+03 7.581759655071789e+03
2.8e-06 7.998019484686840e+03 7.583731884885794e+03
2.81e-06 7.996813584318578e+03 7.585687905127605e+03
2.82e-06 7.995615312985711e+03 7.587627853764998e+03
2.83e-06 7.994424605781835e+03 7.589551867373035e+03
2.84e-06 7.993241398472871e+03 7.591460081147636e+03
2.85e-06 7.992065627488494e+03 7.593352628923903e+03
2.86e-06 7.990897229913630e+03 7.595229643192930e+03
2.87e-06 7.989736143480184e+03 7.597091255118386e+03
2.88e-06 7.988582306086390e+03 7.598932438257300e+03
2.89e-06 7.987435622782163e+03 7.600736053645794e+03
2.9e-06 7.986296013426007e+03 7.602525008229026e+03
2.91e-06 7.985163419201666e+03 7.604299423988196e+03
2.92e-06 7.984037781886147e+03 7.606059421705407e+03
2.93e-06 7.982919043842269e+03 7.607805120978072e+03
2.94e-06 7.981807148011492e+03 7.609536640264168e+03
2.95e-06 7.980702037906662e+03 7.611254096767585e+03
2.96e-06 7.979603657605090e+03 7.612957606652473e+03
2.97e-06 7.978511951741546e+03 7.614647284917684e+03
2.98e-06 7.977426865501498e+03 7.616323245446481e+03
2.99e-06 7.976348344614314e+03 7.617985601019746e+03
3e-06 7.975276335346711e+03 7.619634463329010e+03
3.01e-06 7.974210784496152e+03 7.621269942989289e+03
3.02e-06 7.973151639384492e+03 7.622892149551752e+03
3.03e-06 7.972098847851560e+03 7.624501191516169e+03
3.04e-06 7.971052358248982e+03 7.626097176343231e+03
3.05e-06 7.970012119433996e+03 7.627680210466657e+03
3.06e-06 7.968978080763415e+03 7.629250399305140e+03
3.07e-06 7.967950192000059e+03 7.630807847273992e+03
3.08e-06 7.966928403389989e+03 7.632352657796248e+03
3.09e-06 7.965912665754696e+03 7.633884933314571e+03
3.1e-06 7.964902930391811e+03 7.635404775302744e+03
3.11e-06 7.963899149069535e+03 7.636912284276801e+03
3.12e-06 7.962901274021032e+03 7.638407559805992e+03
3.13e-06 7.961909257938958e+03 7.639890700523614e+03
3.14e-06 7.960923053970101e+03 7.641361804137671e+03
3.15e-06 7.959942615710016e+03 7.642820967441398e+03
3.16e-06 7.958967897197828e+03 7.644268286292850e+03
3.17e-06 7.957998852910991e+03 7.645703855764476e+03
3.18e-06 7.957035437760377e+03 7.647127769914913e+03
3.19e-06 7.956077607085003e+03 7.648540121981549e+03
3.2e-06 7.955125316647227e+03 7.649941004337423e+03
3.21e-06 7.954178522627830e+03 7.651330508500913e+03
3.22e-06 7.953237181621193e+03 7.652708725145287e+03
3.23e-06 7.952301250630584e+03 7.654075744108130e+03
3.24e-06 7.951370687063444e+03 7.655431654400641e+03
3.25e-06 7.950445448726795e+03 7.656776544216806e+03
3.26e-06 7.949525493822664e+03 7.658110500942429e+03
3.27e-06 7.948610780943623e+03 7.659433611164090e+03
3.28e-06 7.947701269068315e+03 7.660745960677914e+03
3.29e-06 7.946796917557142e+03 7.662047634498287e+03
3.3e-06 7.945897686147930e+03 7.663338716866409e+03
3.31e-06 7.945003534951677e+03 7.664619291258772e+03
3.32e-06 7.944114424448395e+03 7.665889440395488e+03
3.33e-06 7.943230315482841e+03 7.667149246200421e+03
3.34e-06 7.942351169260703e+03 7.668398789982150e+03
3.35e-06 7.941476947344353e+03 7.669638152208021e+03
3.36e-06 7.940607611648972e+03 7.670867412653693e+03
3.37e-06 7.939743124438629e+03 7.672086650378587e+03
3.38e-06 7.938883448322388e+03 7.673295943733582e+03
3.39e-06 7.938028546250551e+03 7.674495370368642e+03
3.4e-06 7.937178381510841e+03 7.675685007240304e+03
3.41e-06 7.936332917724736e+03 7.676864930619103e+03
3.42e-06 7.935492118843794e+03 7.678035216096881e+03
3.43e-06 7.934655949146059e+03 7.679195938594005e+03
3.44e-06 7.933824373232485e+03 7.680347172366510e+03
3.45e-06 7.932997356023400e+03 7.681488991013107e+03
3.46e-06 7.932174862755067e+03 7.682621467482161e+03
3.47e-06 7.931356858976276e+03 7.683744674078524e+03
3.48e-06 7.930543310544910e+03 7.684858682470322e+03
3.49e-06 7.929734183624668e+03 7.685963563695623e+03
3.5e-06 7.928929444681725e+03 7.687059388169052e+03
3.51e-06 7.928129060481510e+03 7.688146225688293e+03
3.52e-06 7.927332998085507e+03 7.689224145440538e+03
3.53e-06 7.926541224848082e+03 7.690293216008821e+03
3.54e-06 7.925753708413358e+03 7.691353505378306e+03
3.55e-06 7.924970416712120e+03 7.692405080942477e+03
3.56e-06 7.924191317958766e+03 7.693448009509247e+03
3.57e-06 7.923416380648368e+03 7.694482357307009e+03
3.58e-06 7.922645573553614e+03 7.695508189990598e+03
3.59e-06 7.921878865721938e+03 7.696525572647180e+03
3.6e-06 7.921116226472588e+03 7.697534569802071e+03
3.61e-06 7.920357625393842e+03 7.698535245424485e+03
3.62e-06 7.919603032340116e+03 7.699527662933211e+03
3.63e-06 7.918852417429202e+03 7.700511885202217e+03
3.64e-06 7.918105751039540e+03 7.701487974566185e+03
3.65e-06 7.917363003807478e+03 7.702455992825991e+03
3.66e-06 7.916624146624627e+03 7.703416001254088e+03
3.67e-06 7.915889150635164e+03 7.704368060599865e+03
3.68e-06 7.915157987233306e+03 7.705312231094907e+03
3.69e-06 7.914430628060602e+03 7.706248572458203e+03
3.7e-06 7.913707045003529e+03 7.707177143901297e+03
3.71e-06 7.912987210190830e+03 7.708098004133366e+03
3.72e-06 7.912271095991120e+03 7.709011211330148e+03
3.73e-06 7.911558675010469e+03 7.709916823281028e+03
3.74e-06 7.910849920089916e+03 7.710814897184053e+03
3.75e-06 7.910144804303020e+03 7.711705489788532e+03
3.76e-06 7.909443300953671e+03 7.712588657397241e+03
3.77e-06 7.908745383573542e+03 7.713464455740756e+03
3.78e-06 7.908051025919856e+03 7.714332940185039e+03
3.79e-06 7.907360201973181e+03 7.715194165596172e+03
3.8e-06 7.906672885935112e+03 7.716048186380985e+03
3.81e-06 7.905989052226077e+03 7.716895056486157e+03
3.82e-06 7.905308675483107e+03 7.717734829429583e+03
3.83e-06 7.904631730557698e+03 7.718567558251001e+03
3.84e-06 7.903958192513620e+03 7.719393295570114e+03
3.85e-06 7.903288036624860e+03 7.720212093599569e+03
3.86e-06 7.902621238373512e+03 7.721024004022561e+03
3.87e-06 7.901957773447635e+03 7.721829078180301e+03
3.88e-06 7.901297612104580e+03 7.722617389823795e+03
3.89e-06 7.900640711095730e+03 7.723394858258837e+03
3.9e-06 7.899987045538609e+03 7.724165822677332e+03
3.91e-06 7.899336592353764e+03 7.724930330873802e+03
3.92e-06 7.898689328652437e+03 7.725688430253229e+03
3.93e-06 7.898045231734639e+03 7.726440167834762e+03
3.94e-06 7.897404279087365e+03 7.727185590255381e+03
3.95e-06 7.896766448382761e+03 7.727924743773506e+03
3.96e-06 7.896131717476320e+03 7.728657674272598e+03
3.97e-06 7.895500064405136e+03 7.729384427264687e+03
3.98e-06 7.894871467386132e+03 7.730105047927579e+03
3.99e-06 7.894245904814378e+03 7.730819580971384e+03
4e-06 7.893623355261218e+03 7.731528070850605e+03
4.01e-06 7.893003797472780e+03 7.732230561626159e+03
4.02e-06 7.892387210368180e+03 7.732927097004646e+03
4.03e-06 7.891773573037935e+03 7.733617720341651e+03
4.04e-06 7.891162864742269e+03 7.734302474645031e+03
4.05e-06 7.890555064909559e+03 7.734981402578137e+03
4.06e-06 7.889950153134674e+03 7.735654546463020e+03
4.07e-06 7.889348109177456e+03 7.736321948283597e+03
4.08e-06 7.888748912961090e+03 7.736983649688768e+03
4.09e-06 7.888152544570653e+03 7.737639691995537e+03
4.1e-06 7.887558984251466e+03 7.738290116192044e+03
4.11e-06 7.886968212407710e+03 7.738934962940610e+03
4.12e-06 7.886380209600832e+03 7.739574272580723e+03
4.13e-06 7.885794956548135e+03 7.740208085132010e+03
4.14e-06 7.885212434121291e+03 7.740836440297151e+03
4.15e-06 7.884632623344888e+03 7.741459377464792e+03
4.16e-06 7.884055505395038e+03 7.742076935712399e+03
4.17e-06 7.883481061597926e+03 7.742689153809103e+03
4.18e-06 7.882909273428447e+03 7.743296070218499e+03
4.19e-06 7.882340122508826e+03 7.743897723101419e+03
4.2e-06 7.881773590607212e+03 7.744494150318680e+03
4.21e-06 7.881209659636379e+03 7.745085389433796e+03
4.22e-06 7.880648311652326e+03 7.745671477715671e+03
4.23e-06 7.880089528853063e+03 7.746252452141242e+03
4.24e-06 7.879533293577194e+03 7.746828349398124e+03
4.25e-06 7.878979588302687e+03 7.747399205887197e+03
4.26e-06 7.878428395645593e+03 7.747965057725193e+03
4.27e-06 7.877879698358757e+03 7.748525940747224e+03
4.28e-06 7.877333479330580e+03 7.749081890509320e+03
4.29e-06 7.876789721583799e+03 7.749632942290910e+03
4.3e-06 7.876248408274249e+03 7.750179131097288e+03
4.31e-06 7.875709522689654e+03 7.750720491662057e+03
4.32e-06 7.875173048248434e+03 7.751257058449542e+03
4.33e-06 7.874638968498509e+03 7.751788865657176e+03
4.34e-06 7.874107267116146e+03 7.752315947217868e+03
4.35e-06 7.873577927904793e+03 7.752838336802349e+03
4.36e-06 7.873050934793934e+03 7.753356067821468e+03
4.37e-06 7.872526271837948e+03 7.753869173428504e+03
4.38e-06 7.872003923215008e+03 7.754377686521411e+03
4.39e-06 7.871483873225930e+03 7.754881639745092e+03
4.4e-06 7.870966106293117e+03 7.755381065493587e+03
4.41e-06 7.870450606959468e+03 7.755875995912292e+03
4.42e-06 7.869937359887258e+03 7.756366462900125e+03
4.43e-06 7.869426349857155e+03 7.756852498111685e+03
4.44e-06 7.868917561767067e+03 7.757334132959370e+03
4.45e-06 7.868410980631188e+03 7.757811398615498e+03
4.46e-06 7.867906591578926e+03 7.758284326014395e+03
4.47e-06 7.867404379853898e+03 7.758752945854446e+03
4.48e-06 7.866904330812885e+03 7.759217288600160e+03
4.49e-06 7.866406429924908e+03 7.759677384484172e+03
4.5e-06 7.865910662770147e+03 7.760133263509267e+03
4.51e-06 7.865417015039049e+03 7.760584955450354e+03
4.52e-06 7.864925472531289e+03 7.761032489856420e+03
4.53e-06 7.864436021154878e+03 7.761475896052490e+03
4.54e-06 7.863948646925151e+03 7.761915203141543e+03
4.55e-06 7.863463335963859e+03 7.762350440006414e+03
4.56e-06 7.862980074498267e+03 7.762781635311678e+03
4.57e-06 7.862498848860202e+03 7.763208817505528e+03
4.58e-06 7.862019645485137e+03 7.763632014821604e+03
4.59e-06 7.861542450911305e+03 7.764051255280843e+03
4.6e-06 7.861067251778833e+03 7.764466566693281e+03
4.61e-06 7.860594034828785e+03 7.764877976659833e+03
4.62e-06 7.860122786902385e+03 7.765285512574086e+03
4.63e-06 7.859653494940076e+03 7.765689201624058e+03
4.64e-06 7.859186145980726e+03 7.766089070793920e+03
4.65e-06 7.858720727160719e+03 7.766485146865733e+03
4.66e-06 7.858257225713164e+03 7.766877456421156e+03
4.67e-06 7.857795628967053e+03 7.767266025843126e+03
4.68e-06 7.857335924346404e+03 7.767650881317535e+03
4.69e-06 7.856878099369537e+03 7.768032048834888e+03
4.7e-06 7.856422141648110e+03 7.768409554161967e+03
4.71e-06 7.855968038886546e+03 7.768783422967436e+03
4.72e-06 7.855515778881077e+03 7.769153680630995e+03
4.73e-06 7.855065349518990e+03 7.769520352377859e+03
4.74e-06 7.854616738777884e+03 7.769883463245897e+03
4.75e-06 7.854169934724902e+03 7.770243038087187e+03
4.76e-06 7.853724925515935e+03 7.770599101569574e+03
4.77e-06 7.853281699394902e+03 7.770951678178190e+03
4.78e-06 7.852840244693031e+03 7.771300792216979e+03
4.79e-06 7.852400549828062e+03 7.771646467810203e+03
4.8e-06 7.851962603303585e+03 7.771988728903914e+03
4.81e-06 7.851526393708244e+03 7.772327599267452e+03
4.82e-06 7.851091909715114e+03 7.772663102494870e+03
4.83e-06 7.850659140080916e+03 7.772995262006423e+03
4.84e-06 7.850228073645338e+03 7.773324101049966e+03
4.85e-06 7.849798699330364e+03 7.773649642702378e+03
4.86e-06 7.849371006139557e+03 7.773971909870978e+03
4.87e-06 7.848944983157419e+03 7.774290925294913e+03
4.88e-06 7.848520619548665e+03 7.774606711546523e+03
4.89e-06 7.848097904557589e+03 7.774919291032727e+03
4.9e-06 7.847676827507399e+03 7.775228685996356e+03
4.91e-06 7.847257377799567e+03 7.775534918517501e+03
4.92e-06 7.846839544913155e+03 7.775838010514843e+03
4.93e-06 7.846423318404206e+03 7.776137983746959e+03
4.94e-06 7.846008687905107e+03 7.776434859813635e+03
4.95e-06 7.845595643123911e+03 7.776728660157141e+03
4.96e-06 7.845184173818179e+03 7.777019406063496e+03
4.97e-06 7.844774269796068e+03 7.777307118663544e+03
4.98e-06 7.844365920988269e+03 7.777591818934323e+03
4.99e-06 7.843959117399963e+03 7.777873527700402e+03
5e-06 7.843553849108956e+03 7.778152265635114e+03
5.01e-06 7.843150106265117e+03 7.778428053261779e+03
5.02e-06 7.842747879089769e+03 7.778700910954916e+03
5.03e-06 7.842347157875097e+03 7.778970858941421e+03
5.04e-06 7.841947932983599e+03 7.779237917301775e+03
5.05e-06 7.841550194847493e+03 7.779502105971203e+03
5.06e-06 7.841153933968149e+03 7.779763444740849e+03
5.07e-06 7.840759140915537e+03 7.780021953258918e+03
5.08e-06 7.840365806327676e+03 7.780277651031835e+03
5.09e-06 7.839973920910068e+03 7.780530557425352e+03
5.1e-06 7.839583475435153e+03 7.780780691665691e+03
5.11e-06 7.839194460741790e+03 7.781028072840649e+03
5.12e-06 7.838806867734687e+03 7.781272719900701e+03
5.13e-06 7.838420687383913e+03 7.781514651660083e+03
5.14e-06 7.838035910724318e+03 7.781753886797882e+03
5.15e-06 7.837652528855075e+03 7.781990443859108e+03
5.16e-06 7.837270532939101e+03 7.782224341255756e+03
5.17e-06 7.836889914202612e+03 7.782455597267843e+03
5.18e-06 7.836510663934529e+03 7.782684230044473e+03
5.19e-06 7.836132773486085e+03 7.782910257604858e+03
5.2e-06 7.835756234270222e+03 7.783133697839340e+03
5.21e-06 7.835381037761175e+03 7.783354568510415e+03
5.22e-06 7.835007175493958e+03 7.783572887253730e+03
5.23e-06 7.834634639063853e+03 7.783788671579083e+03
5.24e-06 7.834263420125985e+03 7.784001938871414e+03
5.25e-06 7.833893510394792e+03 7.784212706391775e+03
5.26e-06 7.833524901643604e+03 7.784420991278313e+03
5.27e-06 7.833157585704129e+03 7.784626810547213e+03
5.28e-06 7.832791554466030e+03 7.784830181093675e+03
5.29e-06 7.832426799876448e+03 7.785031119692835e+03
5.3e-06 7.832063313939574e+03 7.785229643000718e+03
5.31e-06 7.831701088716121e+03 7.785425767555156e+03
5.32e-06 7.831340116323003e+03 7.785619509776708e+03
5.33e-06 7.830980388932763e+03 7.785810885969579e+03
5.34e-06 7.830621898773251e+03 7.785999912322515e+03
5.35e-06 7.830264638127103e+03 7.786186604909702e+03
5.36e-06 7.829908599331370e+03 7.786370979691656e+03
5.37e-06 7.829553774777046e+03 7.786553052516095e+03
5.38e-06 7.829200156908683e+03 7.786732839118821e+03
5.39e-06 7.828847738223950e+03 7.786910355124573e+03
5.4e-06 7.828496511273222e+03 7.787085616047892e+03
5.41e-06 7.828146468659177e+03 7.787258637293970e+03
5.42e-06 7.827797603036400e+03 7.787429434159493e+03
5.43e-06 7.827449907110951e+03 7.787598021833462e+03
5.44e-06 7.827103373639957e+03 7.787764415398043e+03
5.45e-06 7.826757995431280e+03 7.787928629829360e+03
5.46e-06 7.826413765343041e+03 7.788090679998338e+03
5.47e-06 7.826070676283302e+03 7.788250580671487e+03
5.48e-06 7.825728721209624e+03 7.788408346511706e+03
5.49e-06 7.825387893128719e+03 7.788563992079075e+03
5.5e-06 7.825048185096069e+03 7.788717531831650e+03
5.51e-06 7.824709590215530e+03 7.788868980126224e+03
5.52e-06 7.824372101638958e+03 7.789018351219113e+03
5.53e-06 7.824035712565873e+03 7.789165659266911e+03
5.54e-06 7.823700416243083e+03 7.789310918327262e+03
5.55e-06 7.823366205964289e+03 7.789454142359594e+03
5.56e-06 7.823033075069719e+03 7.789595345225880e+03
5.57e-06 7.822701016945855e+03 7.789734540691370e+03
5.58e-06 7.822370025024989e+03 7.789871742425324e+03
5.59e-06 7.822040092784934e+03 7.790006964001742e+03
5.6e-06 7.821711213748617e+03 7.790140218900075e+03
5.61e-06 7.821383381483783e+03 7.790271520505959e+03
5.62e-06 7.821056589602615e+03 7.790400882111900e+03
5.63e-06 7.820730831761404e+03 7.790528316883105e+03
5.64e-06 7.820406101660299e+03 7.790653837996521e+03
5.65e-06 7.820082393042870e+03 7.790777458435794e+03
5.66e-06 7.819759699695784e+03 7.790899191127923e+03
5.67e-06 7.819438015448559e+03 7.791019048910240e+03
5.68e-06 7.819117334173117e+03 7.791137044531082e+03
5.69e-06 7.818797649783571e+03 7.791253190650456e+03
5.7e-06 7.818478956235868e+03 7.791367499840710e+03
5.71e-06 7.818161247527467e+03 7.791479984587183e+03
5.72e-06 7.817844517696977e+03 7.791590657288851e+03
5.73e-06 7.817528760823971e+03 7.791699530258987e+03
5.74e-06 7.817213971028593e+03 7.791806615725782e+03
5.75e-06 7.816900142471240e+03 7.791911925832997e+03
5.76e-06 7.816587269352284e+03 7.792015472640580e+03
5.77e-06 7.816275345911794e+03 7.792117268125297e+03
5.78e-06 7.815964366429218e+03 7.792217324181350e+03
5.79e-06 7.815654325223064e+03 7.792315652620983e+03
5.8e-06 7.815345216650639e+03 7.792412265175102e+03
5.81e-06 7.815037035107755e+03 7.792507173493874e+03
5.82e-06 7.814729775028448e+03 7.792600389147319e+03
5.83e-06 7.814423430884659e+03 7.792691923625919e+03
5.84e-06 7.814117997185969e+03 7.792781788341188e+03
5.85e-06 7.813813468479333e+03 7.792869994626270e+03
5.86e-06 7.813509839348814e+03 7.792956553736515e+03
5.87e-06 7.813207104415243e+03 7.793041476850041e+03
5.88e-06 7.812905258336002e+03 7.793124775068331e+03
5.89e-06 7.812604295804743e+03 7.793206459416768e+03
5.9e-06 7.812304211551119e+03 7.793286540845209e+03
5.91e-06 7.812005000340481e+03 7.793365030228547e+03
5.92e-06 7.811706656973685e+03 7.793441938367249e+03
5.93e-06 7.811409176286755e+03 7.793517275987913e+03
5.94e-06 7.811112553150669e+03 7.793591053743799e+03
5.95e-06 7.810816782471092e+03 7.793663282215382e+03
5.96e-06 7.810521859188100e+03 7.793733971910870e+03
5.97e-06 7.810227778275966e+03 7.793803133266743e+03
5.98e-06 7.809934534742855e+03 7.793870776648276e+03
5.99e-06 7.809642123630636e+03 7.793936912350059e+03
6e-06 7.809350540014573e+03 7.794001550596508e+03
6.01e-06 7.809059779003135e+03 7.794064701542386e+03
6.02e-06 7.808769835737694e+03 7.794126375273300e+03
6.03e-06 7.808480705392341e+03 7.794186581806222e+03
6.04e-06 7.808192383173621e+03 7.794245331089972e+03
6.05e-06 7.807904864320282e+03 7.794302633005717e+03
6.06e-06 7.807618144103058e+03 7.794358497367470e+03
6.07e-06 7.807332217824419e+03 7.794412933922573e+03
6.08e-06 7.807047080818355e+03 7.794465952352180e+03
6.09e-06 7.806762728450156e+03 7.794517562271740e+03
6.1e-06 7.806479156116156e+03 7.794567773231474e+03
6.11e-06 7.806196359243520e+03 7.794616594716838e+03
6.12e-06 7.805914333290015e+03 7.794664036149004e+03
6.13e-06 7.805633073743814e+03 7.794710106885319e+03
6.14e-06 7.805352576123223e+03 7.794754816219766e+03
6.15e-06 7.805072835976488e+03 7.794798173383421e+03
6.16e-06 7.804793848881617e+03 7.794840187544911e+03
6.17e-06 7.804515610446085e+03 7.794880867810857e+03
6.18e-06 7.804238116306712e+03 7.794920223226327e+03
6.19e-06 7.803961362129360e+03 7.794958262775274e+03
6.2e-06 7.803685343608776e+03 7.794994995380986e+03
6.21e-06 7.803410056468414e+03 7.795030429906506e+03
6.22e-06 7.803135496460114e+03 7.795064575155074e+03
6.23e-06 7.802861659364029e+03 7.795097439870566e+03
6.24e-06 7.802588540988338e+03 7.795129032737898e+03
6.25e-06 7.802316137169043e+03 7.795159362383462e+03
6.26e-06 7.802044443769863e+03 7.795188437375546e+03
6.27e-06 7.801773456681915e+03 7.795216266224742e+03
6.28e-06 7.801503171823551e+03 7.795242857384374e+03
6.29e-06 7.801233585140217e+03 7.795268219250880e+03
6.3e-06 7.800964692604203e+03 7.795292360164255e+03
6.31e-06 7.800696490214491e+03 7.795315288408417e+03
6.32e-06 7.800428973996484e+03 7.795337012211633e+03
6.33e-06 7.800162140001936e+03 7.795357539746905e+03
6.34e-06 7.799895984308660e+03 7.795376879132362e+03
6.35e-06 7.799630503020405e+03 7.795395038431655e+03
6.36e-06 7.799365692266639e+03 7.795412025654347e+03
6.37e-06 7.799101548202378e+03 7.795427848756291e+03
6.38e-06 7.798838067008006e+03 7.795442515640012e+03
6.39e-06 7.798575244889056e+03 7.795456034155094e+03
6.4e-06 7.798313078076115e+03 7.795468412098538e+03
6.41e-06 7.798051562824552e+03 7.795479657215157e+03
6.42e-06 7.797790695414405e+03 7.795489777197931e+03
6.43e-06 7.797530472150172e+03 7.795498779688375e+03
6.44e-06 7.797270889360662e+03 7.795506672276909e+03
6.45e-06 7.797011943398814e+03 7.795513462503215e+03
6.46e-06 7.796753630641503e+03 7.795519157856595e+03
6.47e-06 7.796495947489409e+03 7.795523765776330e+03
6.48e-06 7.796238890366819e+03 7.795527293652034e+03
6.49e-06 7.795982455721460e+03 7.795529748823993e+03
6.5e-06 7.795726640024362e+03 7.795531138583532e+03
6.51e-06 7.795471439769675e+03 7.795531470173337e+03
6.52e-06 7.795216851474488e+03 7.795530750787817e+03
6.53e-06 7.794962871678704e+03 7.795528987573435e+03
6.54e-06 7.794709496944833e+03 7.795526187629042e+03
6.55e-06 7.794456723857892e+03 7.795522358006222e+03
6.56e-06 7.794204549025183e+03 7.795517505709610e+03
6.57e-06 7.793952969076200e+03 7.795511637697234e+03
6.58e-06 7.793701980662415e+03 7.795504760880834e+03
6.59e-06 7.793451580457145e+03 7.795496882126187e+03
6.6e-06 7.793201765155424e+03 7.795488008253435e+03
6.61e-06 7.792952531473830e+03 7.795478146037396e+03
6.62e-06 7.792703876150305e+03 7.795467302207889e+03
6.63e-06 7.792455795944044e+03 7.795455483450039e+03
6.64e-06 7.792208287635342e+03 7.795442696404606e+03
6.65e-06 7.791961348025429e+03 7.795428947668266e+03
6.66e-06 7.791714973936362e+03 7.795414243793958e+03
6.67e-06 7.791469162210803e+03 7.795398591291148e+03
6.68e-06 7.791223909711986e+03 7.795381996626162e+03
6.69e-06 7.790979213323450e+03 7.795364466222475e+03
6.7e-06 7.790735069948991e+03 7.795346006461004e+03
6.71e-06 7.790491476512489e+03 7.795326623680421e+03
6.72e-06 7.790248429957730e+03 7.795306324177429e+03
6.73e-06 7.790005927248363e+03 7.795285114207059e+03
6.74e-06 7.789763965367662e+03 7.795262999982968e+03
6.75e-06 7.789522541318438e+03 7.795239987677714e+03
6.76e-06 7.789281652122901e+03 7.795216083423049e+03
6.77e-06 7.789041294822525e+03 7.795191293310200e+03
6.78e-06 7.788801466477910e+03 7.795165623390149e+03
6.79e-06 7.788562164168622e+03 7.795139079673907e+03
6.8e-06 7.788323384993118e+03 7.795111668132805e+03
6.81e-06 7.788085126068567e+03 7.795083394698752e+03
6.82e-06 7.787847384530765e+03 7.795054265264520e+03
6.83e-06 7.787610157533948e+03 7.795024285684005e+03
6.84e-06 7.787373442250711e+03 7.794993461772505e+03
6.85e-06 7.787137235871880e+03 7.794961799306977e+03
6.86e-06 7.786901535606345e+03 7.794929304026305e+03
6.87e-06 7.786666338680981e+03 7.794895981631566e+03
6.88e-06 7.786431642340493e+03 7.794861837786288e+03
6.89e-06 7.786197443847333e+03 7.794826878116712e+03
6.9e-06 7.785963740481525e+03 7.794791108212038e+03
6.91e-06 7.785730529540574e+03 7.794754533624693e+03
6.92e-06 7.785497808339343e+03 7.794717159870572e+03
6.93e-06 7.785265574209941e+03 7.794678992429304e+03
6.94e-06 7.785033824501576e+03 7.794640036744487e+03
6.95e-06 7.784802556580475e+03 7.794600298223935e+03
6.96e-06 7.784571767829751e+03 7.794559782239944e+03
6.97e-06 7.784341455649251e+03 7.794518494129509e+03
6.98e-06 7.784111617455530e+03 7.794476439194580e+03
6.99e-06 7.783882250681649e+03 7.794433622702309e+03
7e-06 7.783653352777083e+03 7.794390049885266e+03
7.01e-06 7.783424921207644e+03 7.794345725941695e+03
7.02e-06 7.783196953455353e+03 7.794300656035752e+03
7.03e-06 7.782969447018297e+03 7.794254845297713e+03
7.04e-06 7.782742399410543e+03 7.794208298824232e+03
7.05e-06 7.782515808162064e+03 7.794161021678558e+03
7.06e-06 7.782289670818561e+03 7.794113018890764e+03
7.07e-06 7.782063984941398e+03 7.794064295457977e+03
7.08e-06 7.781838748107498e+03 7.794014856344604e+03
7.09e-06 7.781613957909222e+03 7.793964706482545e+03
7.1e-06 7.781389611954281e+03 7.793913850771420e+03
7.11e-06 7.781165707865594e+03 7.793862294078797e+03
7.12e-06 7.780942243281240e+03 7.793810041240401e+03
7.13e-06 7.780719215854278e+03 7.793757097060331e+03
7.14e-06 7.780496623252758e+03 7.793703466311279e+03
7.15e-06 7.780274463159492e+03 7.793649153734742e+03
7.16e-06 7.780052733272069e+03 7.793594164041234e+03
7.17e-06 7.779831431302665e+03 7.793538501910492e+03
7.18e-06 7.779610554977967e+03 7.793482171991692e+03
7.19e-06 7.779390102039120e+03 7.793425178903655e+03
7.2e-06 7.779170070241587e+03 7.793367527235046e+03
7.21e-06 7.778950457355073e+03 7.793309221544592e+03
7.22e-06 7.778731261163376e+03 7.793250266361264e+03
7.23e-06 7.778512479464377e+03 7.793190666184504e+03
7.24e-06 7.778294110069884e+03 7.793130425484401e+03
7.25e-06 7.778076150805549e+03 7.793069548701910e+03
7.26e-06 7.777858599510783e+03 7.793008040249033e+03
7.27e-06 7.777641454038660e+03 7.792945904509023e+03
7.28e-06 7.777424712255850e+03 7.792883145836579e+03
7.29e-06 7.777208372042453e+03 7.792819768558034e+03
7.3e-06 7.776992431291972e+03 7.792755776971547e+03
7.31e-06 7.776776887911257e+03 7.792691175347297e+03
7.32e-06 7.776561739820298e+03 7.792625967927670e+03
7.33e-06 7.776346984952252e+03 7.792560158927450e+03
7.34e-06 7.776132621253290e+03 7.792493752533994e+03
7.35e-06 7.775918646682527e+03 7.792426752907429e+03
7.36e-06 7.775705059211939e+03 7.792359164180822e+03
7.37e-06 7.775491856826257e+03 7.792290990460383e+03
7.38e-06 7.775279037522927e+03 7.792222235825627e+03
7.39e-06 7.775066599311971e+03 7.792152904329558e+03
7.4e-06 7.774854540215940e+03 7.792082999998848e+03
7.41e-06 7.774642858269789e+03 7.792012526834021e+03
7.42e-06 7.774431551520859e+03 7.791941488809614e+03
7.43e-06 7.774220618028731e+03 7.791869889874367e+03
7.44e-06 7.774010055865184e+03 7.791797733951387e+03
7.45e-06 7.773799863114083e+03 7.791725024938314e+03
7.46e-06 7.773590037871321e+03 7.791651766707512e+03
7.47e-06 7.773380578244740e+03 7.791577963106217e+03
7.48e-06 7.773171482354033e+03 7.791503617956720e+03
7.49e-06 7.772962748330664e+03 7.791428735056521e+03
7.5e-06 7.772754374317829e+03 7.791353318178512e+03
7.51e-06 7.772546358470321e+03 7.791277371071124e+03
7.52e-06 7.772338698954491e+03 7.791200897458503e+03
7.53e-06 7.772131393948184e+03 7.791123901040663e+03
7.54e-06 7.771924441640595e+03 7.791046385493655e+03
7.55e-06 7.771717840232248e+03 7.790968354469727e+03
7.56e-06 7.771511587934931e+03 7.790889811597475e+03
7.57e-06 7.771305682971576e+03 7.790810760482008e+03
7.58e-06 7.771100123576245e+03 7.790731204705105e+03
7.59e-06 7.770894907993962e+03 7.790651147825368e+03
7.6e-06 7.770690034480734e+03 7.790570593378371e+03
7.61e-06 7.770485501303461e+03 7.790489544876827e+03
7.62e-06 7.770281306739826e+03 7.790408005844166e+03
7.63e-06 7.770077449078254e+03 7.790325979679966e+03
7.64e-06 7.769873926617771e+03 7.790243469863663e+03
7.65e-06 7.769670737668050e+03 7.790160479818007e+03
7.66e-06 7.769467880549235e+03 7.790077012943627e+03
7.67e-06 7.769265353591979e+03 7.789993072619181e+03
7.68e-06 7.769063155137251e+03 7.789908662201505e+03
7.69e-06 7.768861283536381e+03 7.789823785025752e+03
7.7e-06 7.768659737150922e+03 7.789738444405541e+03
7.71e-06 7.768458514352594e+03 7.789652643633098e+03
7.72e-06 7.768257613523219e+03 7.789566385979399e+03
7.73e-06 7.768057033054694e+03 7.789479674694313e+03
7.74e-06 7.767856771348865e+03 7.789392513006731e+03
7.75e-06 7.767656826817473e+03 7.789304904124723e+03
7.76e-06 7.767457197882131e+03 7.789216851235657e+03
7.77e-06 7.767257882974229e+03 7.789128357506357e+03
7.78e-06 7.767058880534832e+03 7.789039426083214e+03
7.79e-06 7.766860189014698e+03 7.788950060092343e+03
7.8e-06 7.766661806874154e+03 7.788860262639711e+03
7.81e-06 7.766463732583031e+03 7.788770036811256e+03
7.82e-06 7.766265964620666e+03 7.788679385673050e+03
7.83e-06 7.766068501475749e+03 7.788588312271393e+03
7.84e-06 7.765871341646340e+03 7.788496819632975e+03
7.85e-06 7.765674483639746e+03 7.788404910764988e+03
7.86e-06 7.765477925972496e+03 7.788312588655263e+03
7.87e-06 7.765281667170284e+03 7.788219856272387e+03
7.88e-06 7.765085705767891e+03 7.788126716565847e+03
7.89e-06 7.764890040309123e+03 7.788033172466143e+03
7.9e-06 7.764694669346770e+03 7.787939226884916e+03
7.91e-06 7.764499591442523e+03 7.787844882715071e+03
7.92e-06 7.764304805166968e+03 7.787750142830904e+03
7.93e-06 7.764110309099435e+03 7.787655010088227e+03
7.94e-06 7.763916101828037e+03 7.787559487324479e+03
7.95e-06 7.763722181949553e+03 7.787463577358862e+03
7.96e-06 7.763528548069397e+03 7.787367282992438e+03
7.97e-06 7.763335198801552e+03 7.787270607008280e+03
7.98e-06 7.763142132768507e+03 7.787173552171565e+03
7.99e-06 7.762949348601242e+03 7.787076121229702e+03
8e-06 7.762756844939067e+03 7.786978316912440e+03
8.01e-06 7.762564620429734e+03 7.786880141932002e+03
8.02e-06 7.762372673729227e+03 7.786781598983180e+03
8.03e-06 7.762181003501799e+03 7.786682690743462e+03
8.04e-06 7.761989608419871e+03 7.786583419873143e+03
8.05e-06 7.761798487163997e+03 7.786483789015431e+03
8.06e-06 7.761607638422833e+03 7.786383800796570e+03
8.07e-06 7.761417060893044e+03 7.786283457825944e+03
8.08e-06 7.761226753279287e+03 7.786182762696190e+03
8.09e-06 7.761036714294118e+03 7.786081717983305e+03
8.1e-06 7.760846942657970e+03 7.785980326246760e+03
8.11e-06 7.760657437099108e+03 7.785878590029605e+03
8.12e-06 7.760468196353575e+03 7.785776511858573e+03
8.13e-06 7.760279219165107e+03 7.785674094244197e+03
8.14e-06 7.760090504285120e+03 7.785571339680904e+03
8.15e-06 7.759902050472664e+03 7.785468250647126e+03
8.16e-06 7.759713856494332e+03 7.785364829605407e+03
8.17e-06 7.759525921124251e+03 7.785261079002505e+03
8.18e-06 7.759338243144029e+03 7.785157001269492e+03
8.19e-06 7.759150821342687e+03 7.785052598821863e+03
8.2e-06 7.758963654516602e+03 7.784947874059626e+03
8.21e-06 7.758776741469521e+03 7.784842829367415e+03
8.22e-06 7.758590081012443e+03 7.784737467114593e+03
8.23e-06 7.758403671963600e+03 7.784631789655330e+03
8.24e-06 7.758217513148407e+03 7.784525799328730e+03
8.25e-06 7.758031603399434e+03 7.784419498458909e+03
8.26e-06 7.757845941556335e+03 7.784312889355100e+03
8.27e-06 7.757660526465793e+03 7.784205974311751e+03
8.28e-06 7.757475356981541e+03 7.784098755608624e+03
8.29e-06 7.757290431964210e+03 7.783991235510876e+03
8.3e-06 7.757105750281379e+03 7.783883416269179e+03
8.31e-06 7.756921310807504e+03 7.783775300119787e+03
8.32e-06 7.756737112423811e+03 7.783666889284649e+03
8.33e-06 7.756553154018357e+03 7.783558185971495e+03
8.34e-06 7.756369434485915e+03 7.783449192373933e+03
8.35e-06 7.756185952727926e+03 7.783339910671525e+03
8.36e-06 7.756002707652537e+03 7.783230343029907e+03
8.37e-06 7.755819698174438e+03 7.783120491600854e+03
8.38e-06 7.755636923214910e+03 7.783010358522373e+03
8.39e-06 7.755454381701742e+03 7.782899945918809e+03
8.4e-06 7.755272072569220e+03 7.782789255900917e+03
8.41e-06 7.755089994758075e+03 7.782678290565963e+03
8.42e-06 7.754908147215395e+03 7.782567051997798e+03
8.43e-06 7.754726528894646e+03 7.782455542266955e+03
8.44e-06 7.754545138755619e+03 7.782343763430723e+03
8.45e-06 7.754363975764337e+03 7.782231717533259e+03
8.46e-06 7.754183038893098e+03 7.782119406605640e+03
8.47e-06 7.754002327120362e+03 7.782006832665974e+03
8.48e-06 7.753821839430761e+03 7.781893997719470e+03
8.49e-06 7.753641574815038e+03 7.781780903758527e+03
8.5e-06 7.753461532269979e+03 7.781667552762809e+03
8.51e-06 7.753281710798469e+03 7.781553946699343e+03
8.52e-06 7.753102109409335e+03 7.781440087522590e+03
8.53e-06 7.752922727117358e+03 7.781325977174524e+03
8.54e-06 7.752743562943292e+03 7.781211617584714e+03
8.55e-06 7.752564615913708e+03 7.781097010670413e+03
8.56e-06 7.752385885061058e+03 7.780982158336627e+03
8.57e-06 7.752207369423604e+03 7.780867062476205e+03
8.58e-06 7.752029068045350e+03 7.780751724969906e+03
8.59e-06 7.751850979976067e+03 7.780636147686479e+03
8.6e-06 7.751673104271183e+03 7.780520332482747e+03
8.61e-06 7.751495439991827e+03 7.780404281203686e+03
8.62e-06 7.751317986204714e+03 7.780287995682486e+03
8.63e-06 7.751140741982149e+03 7.780171477740646e+03
8.64e-06 7.750963706402020e+03 7.780054729188037e+03
8.65e-06 7.750786878547704e+03 7.779937751822978e+03
8.66e-06 7.750610257508070e+03 7.779820547432315e+03
8.67e-06 7.750433842377426e+03 7.779703117791499e+03
8.68e-06 7.750257632255487e+03 7.779585464664643e+03
8.69e-06 7.750081626247355e+03 7.779467589804613e+03
8.7e-06 7.749905823463481e+03 7.779349494953087e+03
8.71e-06 7.749730223019600e+03 7.779231181840645e+03
8.72e-06 7.749554824036731e+03 7.779112652186810e+03
8.73e-06 7.749379625641161e+03 7.778993907700155e+03
8.74e-06 7.749204626964334e+03 7.778874950078345e+03
8.75e-06 7.749029827142913e+03 7.778755781008224e+03
8.76e-06 7.748855225318666e+03 7.778636402165876e+03
8.77e-06 7.748680820638491e+03 7.778516815216696e+03
8.78e-06 7.748506612254380e+03 7.778397021815467e+03
8.79e-06 7.748332599323327e+03 7.778277023606413e+03
8.8e-06 7.748158781007356e+03 7.778156822223272e+03
8.81e-06 7.747985156473468e+03 7.778036419289378e+03
8.82e-06 7.747811724893621e+03 7.777915816417703e+03
8.83e-06 7.747638485444701e+03 7.777795015210950e+03
8.84e-06 7.747465437308457e+03 7.777674017261596e+03
8.85e-06 7.747292579671476e+03 7.777552824151969e+03
8.86e-06 7.747119911725210e+03 7.777431437454308e+03
8.87e-06 7.746947432665886e+03 7.777309858730841e+03
8.88e-06 7.746775141694497e+03 7.777188089533827e+03
8.89e-06 7.746603038016742e+03 7.777066131405639e+03
8.9e-06 7.746431120843074e+03 7.776943985878819e+03
8.91e-06 7.746259389388566e+03 7.776821654476144e+03
8.92e-06 7.746087842872973e+03 7.776699138710684e+03
8.93e-06 7.745916480520645e+03 7.776576440085869e+03
8.94e-06 7.745745301560519e+03 7.776453560095544e+03
8.95e-06 7.745574305226081e+03 7.776330500224048e+03
8.96e-06 7.745403490755369e+03 7.776207261946247e+03
8.97e-06 7.745232857390874e+03 7.776083846727620e+03
8.98e-06 7.745062404379612e+03 7.775960256024303e+03
8.99e-06 7.744892130972990e+03 7.775836491283158e+03
9e-06 7.744722036426865e+03 7.775712553941828e+03
9.01e-06 7.744552120001444e+03 7.775588445428796e+03
9.02e-06 7.744382380961332e+03 7.775464167163445e+03
9.03e-06 7.744212818575443e+03 7.775339720556116e+03
9.04e-06 7.744043432116971e+03 7.775215107008168e+03
9.05e-06 7.743874220863441e+03 7.775090327912028e+03
9.06e-06 7.743705184096573e+03 7.774965384651255e+03
9.07e-06 7.743536321102339e+03 7.774840278600594e+03
9.08e-06 7.743367631170884e+03 7.774715011126030e+03
9.09e-06 7.743199113596570e+03 7.774589583584855e+03
9.1e-06 7.743030767677840e+03 7.774463997325704e+03
9.11e-06 7.742862592717277e+03 7.774338253688634e+03
9.12e-06 7.742694588021567e+03 7.774212354005154e+03
9.13e-06 7.742526752901445e+03 7.774086299598303e+03
9.14e-06 7.742359086671713e+03 7.773960091782685e+03
9.15e-06 7.742191588651148e+03 7.773833731864530e+03
9.16e-06 7.742024258162523e+03 7.773707221141751e+03
9.17e-06 7.741857094532608e+03 7.773580560903995e+03
9.18e-06 7.741690097092079e+03 7.773453752432694e+03
9.19e-06 7.741523265175535e+03 7.773326797001113e+03
9.2e-06 7.741356598121447e+03 7.773199695874411e+03
9.21e-06 7.741190095272181e+03 7.773072450309685e+03
9.22e-06 7.741023755973935e+03 7.772945061556036e+03
9.23e-06 7.740857579576707e+03 7.772817530854593e+03
9.24e-06 7.740691565434308e+03 7.772689859438589e+03
9.25e-06 7.740525712904298e+03 7.772562048533404e+03
9.26e-06 7.740360021348002e+03 7.772434099356603e+03
9.27e-06 7.740194490130442e+03 7.772306013118006e+03
9.28e-06 7.740029118620363e+03 7.772177791019718e+03
9.29e-06 7.739863906190177e+03 7.772049434256189e+03
9.3e-06 7.739698852215934e+03 7.771920944014266e+03
9.31e-06 7.739533956077324e+03 7.771792321473228e+03
9.32e-06 7.739369217157640e+03 7.771663567804845e+03
9.33e-06 7.739204634843777e+03 7.771534684173424e+03
9.34e-06 7.739040208526160e+03 7.771405671735851e+03
9.35e-06 7.738875937598769e+03 7.771276531641650e+03
9.36e-06 7.738711821459116e+03 7.771147265033011e+03
9.37e-06 7.738547859508180e+03 7.771017873044856e+03
9.38e-06 7.738384051150428e+03 7.770888356804870e+03
9.39e-06 7.738220395793770e+03 7.770758717433559e+03
9.4e-06 7.738056892849555e+03 7.770628956044286e+03
9.41e-06 7.737893541732527e+03 7.770499073743324e+03
9.42e-06 7.737730341860842e+03 7.770369071629894e+03
9.43e-06 7.737567292655993e+03 7.770238950796215e+03
9.44e-06 7.737404393542824e+03 7.770108712327542e+03
9.45e-06 7.737241643949524e+03 7.769978357302219e+03
9.46e-06 7.737079043307554e+03 7.769847886791721e+03
9.47e-06 7.736916591051694e+03 7.769717301860687e+03
9.48e-06 7.736754286619956e+03 7.769586603566978e+03
9.49e-06 7.736592129453599e+03 7.769455792961710e+03
9.5e-06 7.736430118997113e+03 7.769324871089299e+03
9.51e-06 7.736268254698180e+03 7.769193838987508e+03
9.52e-06 7.736106536007674e+03 7.769062697687479e+03
9.53e-06 7.735944962379622e+03 7.768931448213784e+03
9.54e-06 7.735783533271192e+03 7.768800091584473e+03
9.55e-06 7.735622248142668e+03 7.768668628811089e+03
9.56e-06 7.735461106457473e+03 7.768537060898740e+03
9.57e-06 7.735300107682056e+03 7.768405388846119e+03
9.58e-06 7.735139251285960e+03 7.768273613645558e+03
9.59e-06 7.734978536741826e+03 7.768141736317383e+03
9.6e-06 7.734817963525274e+03 7.768009757774087e+03
9.61e-06 7.734657531114896e+03 7.767877679022062e+03
9.62e-06 7.734497238992280e+03 7.767745501028575e+03
9.63e-06 7.734337086642050e+03 7.767613224754708e+03
9.64e-06 7.734177073551700e+03 7.767480851155427e+03
9.65e-06 7.734017199211723e+03 7.767348381179597e+03
9.66e-06 7.733857463115490e+03 7.767215815770035e+03
9.67e-06 7.733697864759301e+03 7.767083155863551e+03
9.68e-06 7.733538403642297e+03 7.766950402390961e+03
9.69e-06 7.733379079266500e+03 7.766817556277158e+03
9.7e-06 7.733219891136792e+03 7.766684618441130e+03
9.71e-06 7.733060838760844e+03 7.766551589795994e+03
9.72e-06 7.732901921649172e+03 7.766418471249050e+03
9.73e-06 7.732743139315069e+03 7.766285263701800e+03
9.74e-06 7.732584491274582e+03 7.766151968050000e+03
9.75e-06 7.732425977046555e+03 7.766018585183686e+03
9.76e-06 7.732267596152538e+03 7.765885115987209e+03
9.77e-06 7.732109348116805e+03 7.765751561339278e+03
9.78e-06 7.731951232466356e+03 7.765617922112989e+03
9.79e-06 7.731793248730874e+03 7.765484199175869e+03
9.8e-06 7.731635396442697e+03 7.765350393389900e+03
9.81e-06 7.731477675136844e+03 7.765216505611565e+03
9.82e-06 7.731320084350949e+03 7.765082536691873e+03
9.83e-06 7.731162623625294e+03 7.764948487476397e+03
9.84e-06 7.731005292502731e+03 7.764814358805313e+03
9.85e-06 7.730848090528769e+03 7.764680151513428e+03
9.86e-06 7.730691017251416e+03 7.764545866430215e+03
9.87e-06 7.730534072221283e+03 7.764411504379851e+03
9.88e-06 7.730377254991497e+03 7.764277066181240e+03
9.89e-06 7.730220565117769e+03 7.764142552648059e+03
9.9e-06 7.730064002158250e+03 7.764007964588779e+03
9.91e-06 7.729907565673620e+03 7.763873302806712e+03
9.92e-06 7.729751255227047e+03 7.763738568100021e+03
9.93e-06 7.729595070384147e+03 7.763603761261785e+03
9.94e-06 7.729439010712998e+03 7.763468883079996e+03
9.95e-06 7.729283075784129e+03 7.763333934337615e+03
9.96e-06 7.729127265170451e+03 7.763198915812596e+03
9.97e-06 7.728971578447299e+03 7.763063828277914e+03
9.98e-06 7.728816015192417e+03 7.762928672501602e+03
9.99e-06 7.728660574985884e+03 7.762793449246782e+03
